4.766970188794188157e-02 3.320448560077005062e-02 -2.824381638735341468e-03 1.003007105604478838e-01 -1.291545226247970551e-02 1.164436157394940601e-02
3.320448560077005062e-02 2.811098206908155955e-02 -2.356909307934892776e-03 5.994010079992813378e-02 -2.766997962923998557e-03 2.083130514211165712e-02
-2.824381638735341468e-03 -2.356909307934892776e-03 3.725553455445426709e-02 -2.243425490133365077e-02 -6.714308621940671268e-03 1.195523478468059645e-03
1.003007105604478838e-01 5.994010079992813378e-02 -2.243425490133365077e-02 1.035470457129697319e+00 -7.988732894669636764e-02 -1.243532281757536023e-02
-1.291545226247970551e-02 -2.766997962923998557e-03 -6.714308621940671268e-03 -7.988732894669636764e-02 2.554423167184111804e-02 1.533171818710649809e-02
1.164436157394940601e-02 2.083130514211165712e-02 1.195523478468059645e-03 -1.243532281757536023e-02 1.533171818710649809e-02 3.915703734707724759e-02
